0 153 0;
0; 8; 0;
0; 10; 0;
0; 10; 1;
0; 10; 2;
0; 11; 0;
0; 12; 0;
0; 13; 0;
0; 14; 0;
0; 15; 0;
0; 16; 0;
0; 17; 0;
0; 18; 0;
0; 19; 0;
0; 19; 1;
0; 19; 2;
0; 19; 3;
0; 19; 4;
0; 19; 5;
0; 19; 6;
0; 19; 7;
0; 19; 8;
0; 19; 9;
0; 19; 10;
0; 19; 11;
0; 19; 12;
0; 19; 13;
0; 19; 14;
0; 19; 15;
0; 19; 16;
0; 19; 17;
0; 19; 18;
0; 19; 19;
0; 10; 19;
0; 10; 18;
0; 10; 17;
0; 11; 19;
0; 12; 19;
0; 13; 19;
0; 14; 19;
0; 15; 19;
0; 16; 19;
0; 17; 19;
0; 18; 19;
0; 11; 18;
0; 12; 18;
0; 13; 18;
0; 8; 19;
0; 8; 18;
0; 8; 17;
0; 7; 18;
0; 6; 18;
0; 5; 18;
0; 7; 19;
0; 6; 19;
0; 5; 19;
0; 4; 19;
0; 3; 19;
0; 2; 19;
0; 1; 19;
0; 0; 19;
0; 0; 18;
0; 0; 17;
0; 0; 16;
0; 0; 15;
0; 0; 14;
0; 0; 13;
0; 0; 12;
0; 0; 11;
0; 0; 10;
0; 0; 9;
0; 0; 8;
0; 0; 7;
0; 0; 6;
0; 0; 5;
0; 0; 4;
0; 0; 3;
0; 0; 2;
0; 0; 1;
0; 0; 0;
0; 1; 0;
0; 2; 0;
0; 3; 0;
0; 4; 0;
0; 5; 0;
0; 6; 0;
0; 7; 0;
0; 8; 1;
0; 8; 2;
0; 7; 1;
0; 6; 1;
0; 11; 1;
0; 12; 1;
0; 18; 1;
0; 18; 3;
0; 18; 2;
0; 17; 1;
0; 18; 18;
0; 17; 18;
0; 18; 17;
0; 1; 18;
0; 1; 17;
0; 1; 16;
0; 2; 18;
0; 1; 1;
0; 2; 1;
0; 1; 2;
1; 9; 19; 9; 1; field; 
1; 9; 0; 9; 18; MapFile.txt;